4482
0 0 
0
0 2 
200
0 4 
400
0 7 
700
0 8 
800
0 9 
900
0 16 
1600
0 19 
1900
0 20 
2000
0 23 
2300
0 27 
2700
0 32 
3200
0 35 
3500
0 38 
3800
0 39 
3900
0 41 
4100
0 47 
4700
0 50 
5000
0 51 
5100
0 53 
5300
0 55 
5500
0 61 
6100
0 62 
6200
0 63 
6300
0 64 
6400
0 66 
6600
0 67 
6700
0 69 
6900
0 74 
7400
0 78 
7800
0 80 
8000
0 83 
8300
0 87 
8700
0 89 
8900
1 2 
201
1 4 
401
1 7 
701
1 12 
1201
1 15 
1501
1 24 
2401
1 28 
2801
1 35 
3501
1 38 
3801
1 41 
4101
1 44 
4401
1 47 
4701
1 48 
4801
1 49 
4901
1 50 
5001
1 51 
5101
1 54 
5401
1 55 
5501
1 56 
5601
1 63 
6301
1 68 
6801
1 70 
7001
1 72 
7201
1 75 
7501
1 76 
7601
1 79 
7901
1 81 
8101
1 84 
8401
1 85 
8501
1 87 
8701
1 93 
9301
1 94 
9401
1 95 
9501
1 96 
9601
2 2 
202
2 4 
402
2 17 
1702
2 21 
2102
2 23 
2302
2 24 
2402
2 28 
2802
2 30 
3002
2 36 
3602
2 41 
4102
2 44 
4402
2 45 
4502
2 46 
4602
2 48 
4802
2 52 
5202
2 57 
5702
2 60 
6002
2 63 
6302
2 67 
6702
2 68 
6802
2 75 
7502
2 79 
7902
2 80 
8002
2 82 
8202
2 84 
8402
2 86 
8602
2 87 
8702
2 89 
8902
2 92 
9202
2 96 
9602
3 0 
3
3 4 
403
3 8 
803
3 16 
1603
3 18 
1803
3 19 
1903
3 32 
3203
3 41 
4103
3 43 
4303
3 47 
4703
3 50 
5003
3 57 
5703
3 58 
5803
3 64 
6403
3 65 
6503
3 66 
6603
3 67 
6703
3 74 
7403
3 78 
7803
3 80 
8003
3 85 
8503
3 90 
9003
3 92 
9203
4 2 
204
4 3 
304
4 4 
404
4 8 
804
4 16 
1604
4 17 
1704
4 18 
1804
4 22 
2204
4 24 
2404
4 30 
3004
4 33 
3304
4 36 
3604
4 40 
4004
4 43 
4304
4 47 
4704
4 50 
5004
4 58 
5804
4 60 
6004
4 61 
6104
4 63 
6304
4 69 
6904
4 71 
7104
4 77 
7704
4 81 
8104
4 82 
8204
4 86 
8604
4 92 
9204
4 97 
9704
5 4 
405
5 8 
805
5 11 
1105
5 14 
1405
5 15 
1505
5 23 
2305
5 24 
2405
5 25 
2505
5 27 
2705
5 29 
2905
5 30 
3005
5 33 
3305
5 36 
3605
5 37 
3705
5 38 
3805
5 42 
4205
5 50 
5005
5 51 
5105
5 53 
5305
5 57 
5705
5 58 
5805
5 61 
6105
5 63 
6305
5 64 
6405
5 70 
7005
5 71 
7105
5 76 
7605
5 77 
7705
5 83 
8305
5 97 
9705
6 3 
306
6 10 
1006
6 12 
1206
6 16 
1606
6 18 
1806
6 19 
1906
6 22 
2206
6 25 
2506
6 28 
2806
6 29 
2906
6 30 
3006
6 45 
4506
6 48 
4806
6 50 
5006
6 51 
5106
6 52 
5206
6 55 
5506
6 59 
5906
6 60 
6006
6 63 
6306
6 65 
6506
6 67 
6706
6 71 
7106
6 72 
7206
6 77 
7706
6 81 
8106
6 93 
9306
6 96 
9606
7 1 
107
7 2 
207
7 3 
307
7 13 
1307
7 15 
1507
7 21 
2107
7 23 
2307
7 27 
2707
7 28 
2807
7 32 
3207
7 34 
3407
7 38 
3807
7 41 
4107
7 45 
4507
7 47 
4707
7 50 
5007
7 54 
5407
7 58 
5807
7 62 
6207
7 64 
6407
7 69 
6907
7 74 
7407
7 75 
7507
7 76 
7607
7 79 
7907
7 80 
8007
7 81 
8107
7 85 
8507
7 87 
8707
7 88 
8807
7 90 
9007
7 98 
9807
8 2 
208
8 19 
1908
8 21 
2108
8 24 
2408
8 25 
2508
8 27 
2708
8 35 
3508
8 36 
3608
8 39 
3908
8 41 
4108
8 45 
4508
8 46 
4608
8 55 
5508
8 64 
6408
8 65 
6508
8 67 
6708
8 68 
6808
8 70 
7008
8 73 
7308
8 74 
7408
8 76 
7608
8 77 
7708
8 80 
8008
8 83 
8308
8 88 
8808
8 90 
9008
8 92 
9208
9 1 
109
9 2 
209
9 3 
309
9 9 
909
9 12 
1209
9 13 
1309
9 14 
1409
9 17 
1709
9 22 
2209
9 31 
3109
9 37 
3709
9 40 
4009
9 44 
4409
9 51 
5109
9 53 
5309
9 54 
5409
9 55 
5509
9 56 
5609
9 57 
5709
9 65 
6509
9 75 
7509
9 81 
8109
9 94 
9409
10 3 
310
10 11 
1110
10 13 
1310
10 18 
1810
10 21 
2110
10 25 
2510
10 29 
2910
10 30 
3010
10 38 
3810
10 41 
4110
10 47 
4710
10 48 
4810
10 49 
4910
10 55 
5510
10 57 
5710
10 74 
7410
10 75 
7510
10 81 
8110
10 82 
8210
10 85 
8510
10 87 
8710
10 88 
8810
10 90 
9010
10 91 
9110
10 93 
9310
10 97 
9710
11 16 
1611
11 17 
1711
11 18 
1811
11 19 
1911
11 21 
2111
11 30 
3011
11 31 
3111
11 32 
3211
11 33 
3311
11 38 
3811
11 40 
4011
11 42 
4211
11 45 
4511
11 47 
4711
11 48 
4811
11 49 
4911
11 53 
5311
11 59 
5911
11 67 
6711
11 71 
7111
11 76 
7611
11 86 
8611
11 90 
9011
11 91 
9111
11 93 
9311
11 99 
9911
12 0 
12
12 3 
312
12 4 
412
12 13 
1312
12 15 
1512
12 19 
1912
12 21 
2112
12 23 
2312
12 24 
2412
12 26 
2612
12 27 
2712
12 28 
2812
12 29 
2912
12 38 
3812
12 41 
4112
12 45 
4512
12 49 
4912
12 52 
5212
12 57 
5712
12 58 
5812
12 59 
5912
12 60 
6012
12 62 
6212
12 63 
6312
12 64 
6412
12 66 
6612
12 73 
7312
12 76 
7612
12 77 
7712
12 80 
8012
12 84 
8412
12 86 
8612
12 89 
8912
12 91 
9112
12 96 
9612
12 98 
9812
12 99 
9912
13 1 
113
13 3 
313
13 6 
613
13 8 
813
13 11 
1113
13 13 
1313
13 14 
1413
13 15 
1513
13 16 
1613
13 20 
2013
13 28 
2813
13 33 
3313
13 35 
3513
13 48 
4813
13 49 
4913
13 55 
5513
13 57 
5713
13 58 
5813
13 61 
6113
13 62 
6213
13 63 
6313
13 64 
6413
13 65 
6513
13 66 
6613
13 67 
6713
13 68 
6813
13 69 
6913
13 70 
7013
13 71 
7113
13 72 
7213
13 73 
7313
13 74 
7413
13 75 
7513
13 76 
7613
13 77 
7713
13 78 
7813
13 79 
7913
13 80 
8013
13 81 
8113
13 82 
8213
13 83 
8313
13 84 
8413
13 85 
8513
13 86 
8613
13 87 
8713
13 88 
8813
13 89 
8913
13 90 
9013
13 95 
9513
13 97 
9713
13 99 
9913
14 4 
414
14 9 
914
14 13 
1314
14 14 
1414
14 15 
1514
14 16 
1614
14 17 
1714
14 18 
1814
14 19 
1914
14 21 
2114
14 36 
3614
14 39 
3914
14 41 
4114
14 43 
4314
14 45 
4514
14 46 
4614
14 51 
5114
14 53 
5314
14 57 
5714
14 58 
5814
14 63 
6314
14 64 
6414
14 65 
6514
14 66 
6614
14 67 
6714
14 68 
6814
14 69 
6914
14 70 
7014
14 71 
7114
14 72 
7214
14 73 
7314
14 74 
7414
14 75 
7514
14 76 
7614
14 77 
7714
14 78 
7814
14 79 
7914
14 80 
8014
14 81 
8114
14 82 
8214
14 83 
8314
14 84 
8414
14 85 
8514
14 86 
8614
14 87 
8714
14 88 
8814
14 89 
8914
14 90 
9014
14 92 
9214
15 2 
215
15 6 
615
15 13 
1315
15 14 
1415
15 15 
1515
15 16 
1615
15 17 
1715
15 18 
1815
15 19 
1915
15 20 
2015
15 21 
2115
15 30 
3015
15 31 
3115
15 40 
4015
15 41 
4115
15 42 
4215
15 55 
5515
15 56 
5615
15 58 
5815
15 60 
6015
15 61 
6115
15 63 
6315
15 64 
6415
15 65 
6515
15 66 
6615
15 67 
6715
15 68 
6815
15 69 
6915
15 70 
7015
15 71 
7115
15 72 
7215
15 73 
7315
15 74 
7415
15 75 
7515
15 76 
7615
15 77 
7715
15 78 
7815
15 79 
7915
15 80 
8015
15 81 
8115
15 82 
8215
15 83 
8315
15 84 
8415
15 85 
8515
15 86 
8615
15 87 
8715
15 88 
8815
15 89 
8915
15 90 
9015
15 94 
9415
15 97 
9715
16 6 
616
16 7 
716
16 10 
1016
16 12 
1216
16 13 
1316
16 14 
1416
16 15 
1516
16 16 
1616
16 17 
1716
16 18 
1816
16 19 
1916
16 20 
2016
16 21 
2116
16 22 
2216
16 28 
2816
16 29 
2916
16 30 
3016
16 33 
3316
16 34 
3416
16 37 
3716
16 51 
5116
16 52 
5216
16 53 
5316
16 56 
5616
16 57 
5716
16 60 
6016
16 63 
6316
16 64 
6416
16 65 
6516
16 66 
6616
16 67 
6716
16 68 
6816
16 69 
6916
16 70 
7016
16 71 
7116
16 72 
7216
16 73 
7316
16 74 
7416
16 75 
7516
16 76 
7616
16 77 
7716
16 78 
7816
16 79 
7916
16 80 
8016
16 81 
8116
16 82 
8216
16 83 
8316
16 84 
8416
16 85 
8516
16 86 
8616
16 87 
8716
16 88 
8816
16 89 
8916
16 90 
9016
16 91 
9116
16 93 
9316
16 94 
9416
16 95 
9516
16 98 
9816
17 0 
17
17 2 
217
17 6 
617
17 7 
717
17 10 
1017
17 13 
1317
17 14 
1417
17 15 
1517
17 16 
1617
17 17 
1717
17 18 
1817
17 19 
1917
17 20 
2017
17 21 
2117
17 22 
2217
17 23 
2317
17 26 
2617
17 29 
2917
17 32 
3217
17 33 
3317
17 34 
3417
17 37 
3717
17 49 
4917
17 54 
5417
17 59 
5917
17 61 
6117
17 63 
6317
17 64 
6417
17 65 
6517
17 66 
6617
17 67 
6717
17 68 
6817
17 69 
6917
17 70 
7017
17 71 
7117
17 72 
7217
17 73 
7317
17 74 
7417
17 75 
7517
17 76 
7617
17 77 
7717
17 78 
7817
17 79 
7917
17 80 
8017
17 81 
8117
17 82 
8217
17 83 
8317
17 84 
8417
17 85 
8517
17 86 
8617
17 87 
8717
17 88 
8817
17 89 
8917
17 90 
9017
17 91 
9117
17 94 
9417
17 96 
9617
18 1 
118
18 10 
1018
18 13 
1318
18 14 
1418
18 15 
1518
18 16 
1618
18 17 
1718
18 18 
1818
18 19 
1918
18 20 
2018
18 21 
2118
18 22 
2218
18 23 
2318
18 24 
2418
18 27 
2718
18 30 
3018
18 34 
3418
18 35 
3518
18 36 
3618
18 40 
4018
18 43 
4318
18 44 
4418
18 51 
5118
18 54 
5418
18 57 
5718
18 60 
6018
18 63 
6318
18 64 
6418
18 65 
6518
18 66 
6618
18 67 
6718
18 68 
6818
18 69 
6918
18 70 
7018
18 71 
7118
18 72 
7218
18 73 
7318
18 74 
7418
18 75 
7518
18 76 
7618
18 77 
7718
18 78 
7818
18 79 
7918
18 80 
8018
18 81 
8118
18 82 
8218
18 83 
8318
18 84 
8418
18 85 
8518
18 86 
8618
18 87 
8718
18 88 
8818
18 89 
8918
18 90 
9018
18 95 
9518
18 97 
9718
19 0 
19
19 2 
219
19 4 
419
19 7 
719
19 11 
1119
19 13 
1319
19 14 
1419
19 15 
1519
19 16 
1619
19 17 
1719
19 18 
1819
19 19 
1919
19 20 
2019
19 21 
2119
19 22 
2219
19 23 
2319
19 24 
2419
19 52 
5219
19 54 
5419
19 59 
5919
19 62 
6219
19 63 
6319
19 64 
6419
19 65 
6519
19 66 
6619
19 67 
6719
19 68 
6819
19 69 
6919
19 70 
7019
19 71 
7119
19 72 
7219
19 73 
7319
19 74 
7419
19 75 
7519
19 76 
7619
19 77 
7719
19 78 
7819
19 79 
7919
19 80 
8019
19 81 
8119
19 82 
8219
19 83 
8319
19 84 
8419
19 85 
8519
19 86 
8619
19 87 
8719
19 88 
8819
19 89 
8919
19 90 
9019
19 95 
9519
19 97 
9719
20 5 
520
20 8 
820
20 9 
920
20 11 
1120
20 13 
1320
20 14 
1420
20 15 
1520
20 16 
1620
20 17 
1720
20 18 
1820
20 19 
1920
20 20 
2020
20 21 
2120
20 22 
2220
20 23 
2320
20 24 
2420
20 25 
2520
20 29 
2920
20 33 
3320
20 34 
3420
20 36 
3620
20 42 
4220
20 47 
4720
20 48 
4820
20 50 
5020
20 51 
5120
20 54 
5420
20 56 
5620
20 63 
6320
20 64 
6420
20 65 
6520
20 66 
6620
20 67 
6720
20 68 
6820
20 69 
6920
20 70 
7020
20 71 
7120
20 72 
7220
20 73 
7320
20 74 
7420
20 75 
7520
20 76 
7620
20 77 
7720
20 78 
7820
20 79 
7920
20 80 
8020
20 81 
8120
20 82 
8220
20 83 
8320
20 84 
8420
20 85 
8520
20 86 
8620
20 87 
8720
20 88 
8820
20 89 
8920
20 90 
9020
20 91 
9120
20 93 
9320
20 98 
9820
21 0 
21
21 7 
721
21 11 
1121
21 12 
1221
21 13 
1321
21 14 
1421
21 15 
1521
21 16 
1621
21 17 
1721
21 18 
1821
21 19 
1921
21 20 
2021
21 21 
2121
21 22 
2221
21 23 
2321
21 24 
2421
21 25 
2521
21 28 
2821
21 31 
3121
21 35 
3521
21 43 
4321
21 45 
4521
21 49 
4921
21 50 
5021
21 53 
5321
21 58 
5821
21 60 
6021
21 63 
6321
21 64 
6421
21 65 
6521
21 66 
6621
21 67 
6721
21 68 
6821
21 69 
6921
21 70 
7021
21 71 
7121
21 72 
7221
21 73 
7321
21 74 
7421
21 75 
7521
21 76 
7621
21 77 
7721
21 78 
7821
21 79 
7921
21 80 
8021
21 81 
8121
21 82 
8221
21 83 
8321
21 84 
8421
21 85 
8521
21 86 
8621
21 87 
8721
21 88 
8821
21 89 
8921
21 90 
9021
21 91 
9121
21 93 
9321
22 2 
222
22 4 
422
22 10 
1022
22 11 
1122
22 13 
1322
22 14 
1422
22 15 
1522
22 16 
1622
22 17 
1722
22 18 
1822
22 19 
1922
22 20 
2022
22 21 
2122
22 22 
2222
22 23 
2322
22 24 
2422
22 25 
2522
22 26 
2622
22 28 
2822
22 29 
2922
22 33 
3322
22 34 
3422
22 35 
3522
22 40 
4022
22 41 
4122
22 43 
4322
22 44 
4422
22 49 
4922
22 51 
5122
22 52 
5222
22 63 
6322
22 64 
6422
22 65 
6522
22 66 
6622
22 67 
6722
22 68 
6822
22 69 
6922
22 70 
7022
22 71 
7122
22 72 
7222
22 73 
7322
22 74 
7422
22 75 
7522
22 76 
7622
22 77 
7722
22 78 
7822
22 79 
7922
22 80 
8022
22 81 
8122
22 82 
8222
22 83 
8322
22 84 
8422
22 85 
8522
22 86 
8622
22 87 
8722
22 88 
8822
22 89 
8922
22 90 
9022
22 93 
9322
22 99 
9922
23 6 
623
23 12 
1223
23 13 
1323
23 14 
1423
23 15 
1523
23 16 
1623
23 17 
1723
23 18 
1823
23 19 
1923
23 20 
2023
23 21 
2123
23 22 
2223
23 23 
2323
23 24 
2423
23 25 
2523
23 26 
2623
23 30 
3023
23 34 
3423
23 37 
3723
23 39 
3923
23 40 
4023
23 45 
4523
23 46 
4623
23 49 
4923
23 59 
5923
23 61 
6123
23 62 
6223
23 63 
6323
23 64 
6423
23 65 
6523
23 66 
6623
23 67 
6723
23 68 
6823
23 69 
6923
23 70 
7023
23 71 
7123
23 72 
7223
23 73 
7323
23 74 
7423
23 75 
7523
23 76 
7623
23 77 
7723
23 78 
7823
23 79 
7923
23 80 
8023
23 81 
8123
23 82 
8223
23 83 
8323
23 84 
8423
23 85 
8523
23 86 
8623
23 87 
8723
23 88 
8823
23 89 
8923
23 90 
9023
23 91 
9123
23 92 
9223
23 93 
9323
23 96 
9623
23 97 
9723
24 2 
224
24 6 
624
24 8 
824
24 10 
1024
24 11 
1124
24 13 
1324
24 14 
1424
24 15 
1524
24 16 
1624
24 17 
1724
24 18 
1824
24 19 
1924
24 20 
2024
24 21 
2124
24 22 
2224
24 23 
2324
24 24 
2424
24 25 
2524
24 26 
2624
24 28 
2824
24 31 
3124
24 38 
3824
24 40 
4024
24 43 
4324
24 49 
4924
24 51 
5124
24 56 
5624
24 57 
5724
24 63 
6324
24 64 
6424
24 65 
6524
24 66 
6624
24 67 
6724
24 68 
6824
24 69 
6924
24 70 
7024
24 71 
7124
24 72 
7224
24 73 
7324
24 74 
7424
24 75 
7524
24 76 
7624
24 77 
7724
24 78 
7824
24 79 
7924
24 80 
8024
24 81 
8124
24 82 
8224
24 83 
8324
24 84 
8424
24 85 
8524
24 86 
8624
24 87 
8724
24 88 
8824
24 89 
8924
24 90 
9024
24 94 
9424
25 0 
25
25 4 
425
25 7 
725
25 9 
925
25 13 
1325
25 14 
1425
25 15 
1525
25 16 
1625
25 17 
1725
25 18 
1825
25 19 
1925
25 20 
2025
25 21 
2125
25 22 
2225
25 23 
2325
25 24 
2425
25 25 
2525
25 26 
2625
25 33 
3325
25 35 
3525
25 36 
3625
25 37 
3725
25 39 
3925
25 45 
4525
25 46 
4625
25 51 
5125
25 56 
5625
25 63 
6325
25 64 
6425
25 65 
6525
25 66 
6625
25 67 
6725
25 68 
6825
25 69 
6925
25 70 
7025
25 71 
7125
25 72 
7225
25 73 
7325
25 74 
7425
25 75 
7525
25 76 
7625
25 77 
7725
25 78 
7825
25 79 
7925
25 80 
8025
25 81 
8125
25 82 
8225
25 83 
8325
25 84 
8425
25 85 
8525
25 86 
8625
25 87 
8725
25 88 
8825
25 89 
8925
25 90 
9025
25 91 
9125
25 93 
9325
25 94 
9425
25 96 
9625
25 97 
9725
25 99 
9925
26 12 
1226
26 13 
1326
26 14 
1426
26 15 
1526
26 16 
1626
26 17 
1726
26 18 
1826
26 19 
1926
26 20 
2026
26 21 
2126
26 22 
2226
26 23 
2326
26 24 
2426
26 25 
2526
26 26 
2626
26 27 
2726
26 31 
3126
26 33 
3326
26 34 
3426
26 38 
3826
26 39 
3926
26 40 
4026
26 44 
4426
26 46 
4626
26 48 
4826
26 52 
5226
26 53 
5326
26 58 
5826
26 59 
5926
26 62 
6226
26 63 
6326
26 64 
6426
26 65 
6526
26 66 
6626
26 67 
6726
26 68 
6826
26 69 
6926
26 70 
7026
26 71 
7126
26 72 
7226
26 73 
7326
26 74 
7426
26 75 
7526
26 76 
7626
26 77 
7726
26 78 
7826
26 79 
7926
26 80 
8026
26 81 
8126
26 82 
8226
26 83 
8326
26 84 
8426
26 85 
8526
26 86 
8626
26 87 
8726
26 88 
8826
26 89 
8926
26 90 
9026
26 91 
9126
26 92 
9226
26 97 
9726
26 99 
9926
27 1 
127
27 4 
427
27 13 
1327
27 14 
1427
27 15 
1527
27 16 
1627
27 17 
1727
27 18 
1827
27 19 
1927
27 20 
2027
27 21 
2127
27 22 
2227
27 23 
2327
27 24 
2427
27 25 
2527
27 26 
2627
27 27 
2727
27 37 
3727
27 38 
3827
27 45 
4527
27 46 
4627
27 51 
5127
27 52 
5227
27 54 
5427
27 55 
5527
27 61 
6127
27 63 
6327
27 64 
6427
27 65 
6527
27 66 
6627
27 67 
6727
27 68 
6827
27 69 
6927
27 70 
7027
27 71 
7127
27 72 
7227
27 73 
7327
27 74 
7427
27 75 
7527
27 76 
7627
27 77 
7727
27 78 
7827
27 79 
7927
27 80 
8027
27 81 
8127
27 82 
8227
27 83 
8327
27 84 
8427
27 85 
8527
27 86 
8627
27 87 
8727
27 88 
8827
27 89 
8927
27 90 
9027
27 95 
9527
27 96 
9627
27 98 
9827
28 0 
28
28 2 
228
28 3 
328
28 5 
528
28 10 
1028
28 12 
1228
28 13 
1328
28 14 
1428
28 15 
1528
28 16 
1628
28 17 
1728
28 18 
1828
28 19 
1928
28 20 
2028
28 21 
2128
28 22 
2228
28 23 
2328
28 24 
2428
28 25 
2528
28 26 
2628
28 33 
3328
28 35 
3528
28 39 
3928
28 42 
4228
28 49 
4928
28 51 
5128
28 55 
5528
28 58 
5828
28 59 
5928
28 62 
6228
28 63 
6328
28 64 
6428
28 65 
6528
28 66 
6628
28 67 
6728
28 68 
6828
28 69 
6928
28 70 
7028
28 71 
7128
28 72 
7228
28 73 
7328
28 74 
7428
28 75 
7528
28 76 
7628
28 77 
7728
28 78 
7828
28 79 
7928
28 80 
8028
28 81 
8128
28 82 
8228
28 83 
8328
28 84 
8428
28 85 
8528
28 86 
8628
28 87 
8728
28 88 
8828
28 89 
8928
28 90 
9028
28 96 
9628
28 98 
9828
28 99 
9928
29 5 
529
29 6 
629
29 8 
829
29 13 
1329
29 14 
1429
29 15 
1529
29 16 
1629
29 17 
1729
29 18 
1829
29 19 
1929
29 20 
2029
29 21 
2129
29 22 
2229
29 23 
2329
29 24 
2429
29 25 
2529
29 26 
2629
29 31 
3129
29 32 
3229
29 33 
3329
29 40 
4029
29 41 
4129
29 43 
4329
29 47 
4729
29 52 
5229
29 56 
5629
29 63 
6329
29 64 
6429
29 65 
6529
29 66 
6629
29 67 
6729
29 68 
6829
29 69 
6929
29 70 
7029
29 71 
7129
29 72 
7229
29 73 
7329
29 74 
7429
29 75 
7529
29 76 
7629
29 77 
7729
29 78 
7829
29 79 
7929
29 80 
8029
29 81 
8129
29 82 
8229
29 83 
8329
29 84 
8429
29 85 
8529
29 86 
8629
29 87 
8729
29 88 
8829
29 89 
8929
29 90 
9029
29 91 
9129
29 92 
9229
29 94 
9429
29 98 
9829
30 3 
330
30 10 
1030
30 13 
1330
30 14 
1430
30 15 
1530
30 16 
1630
30 17 
1730
30 18 
1830
30 19 
1930
30 20 
2030
30 21 
2130
30 22 
2230
30 23 
2330
30 24 
2430
30 25 
2530
30 26 
2630
30 32 
3230
30 34 
3430
30 35 
3530
30 37 
3730
30 41 
4130
30 43 
4330
30 46 
4630
30 47 
4730
30 48 
4830
30 49 
4930
30 58 
5830
30 61 
6130
30 62 
6230
30 63 
6330
30 64 
6430
30 65 
6530
30 66 
6630
30 67 
6730
30 68 
6830
30 69 
6930
30 70 
7030
30 71 
7130
30 72 
7230
30 73 
7330
30 74 
7430
30 75 
7530
30 76 
7630
30 77 
7730
30 78 
7830
30 79 
7930
30 80 
8030
30 81 
8130
30 82 
8230
30 83 
8330
30 84 
8430
30 85 
8530
30 86 
8630
30 87 
8730
30 88 
8830
30 89 
8930
30 90 
9030
30 91 
9130
31 1 
131
31 3 
331
31 5 
531
31 10 
1031
31 11 
1131
31 12 
1231
31 13 
1331
31 14 
1431
31 15 
1531
31 16 
1631
31 17 
1731
31 18 
1831
31 19 
1931
31 20 
2031
31 21 
2131
31 22 
2231
31 23 
2331
31 24 
2431
31 25 
2531
31 26 
2631
31 28 
2831
31 30 
3031
31 33 
3331
31 34 
3431
31 36 
3631
31 37 
3731
31 39 
3931
31 41 
4131
31 42 
4231
31 44 
4431
31 45 
4531
31 50 
5031
31 51 
5131
31 54 
5431
31 55 
5531
31 58 
5831
31 62 
6231
31 63 
6331
31 64 
6431
31 65 
6531
31 66 
6631
31 67 
6731
31 68 
6831
31 69 
6931
31 70 
7031
31 71 
7131
31 72 
7231
31 73 
7331
31 74 
7431
31 75 
7531
31 76 
7631
31 77 
7731
31 78 
7831
31 79 
7931
31 80 
8031
31 81 
8131
31 82 
8231
31 83 
8331
31 84 
8431
31 85 
8531
31 86 
8631
31 87 
8731
31 88 
8831
31 89 
8931
31 90 
9031
31 91 
9131
31 94 
9431
31 95 
9531
31 96 
9631
31 99 
9931
32 1 
132
32 4 
432
32 5 
532
32 7 
732
32 11 
1132
32 13 
1332
32 14 
1432
32 15 
1532
32 16 
1632
32 17 
1732
32 18 
1832
32 19 
1932
32 20 
2032
32 21 
2132
32 22 
2232
32 23 
2332
32 24 
2432
32 25 
2532
32 26 
2632
32 36 
3632
32 39 
3932
32 40 
4032
32 49 
4932
32 51 
5132
32 57 
5732
32 60 
6032
32 63 
6332
32 64 
6432
32 65 
6532
32 66 
6632
32 67 
6732
32 68 
6832
32 69 
6932
32 70 
7032
32 71 
7132
32 72 
7232
32 73 
7332
32 74 
7432
32 75 
7532
32 76 
7632
32 77 
7732
32 78 
7832
32 79 
7932
32 80 
8032
32 81 
8132
32 82 
8232
32 83 
8332
32 84 
8432
32 85 
8532
32 86 
8632
32 87 
8732
32 88 
8832
32 89 
8932
32 90 
9032
32 93 
9332
32 94 
9432
32 97 
9732
33 0 
33
33 10 
1033
33 13 
1333
33 14 
1433
33 15 
1533
33 16 
1633
33 17 
1733
33 18 
1833
33 19 
1933
33 20 
2033
33 21 
2133
33 22 
2233
33 23 
2333
33 24 
2433
33 25 
2533
33 26 
2633
33 29 
2933
33 35 
3533
33 36 
3633
33 41 
4133
33 46 
4633
33 53 
5333
33 57 
5733
33 62 
6233
33 63 
6333
33 64 
6433
33 65 
6533
33 66 
6633
33 67 
6733
33 68 
6833
33 69 
6933
33 70 
7033
33 71 
7133
33 72 
7233
33 73 
7333
33 74 
7433
33 75 
7533
33 76 
7633
33 77 
7733
33 78 
7833
33 79 
7933
33 80 
8033
33 81 
8133
33 82 
8233
33 83 
8333
33 84 
8433
33 85 
8533
33 86 
8633
33 87 
8733
33 88 
8833
33 89 
8933
33 90 
9033
33 92 
9233
33 94 
9433
34 0 
34
34 1 
134
34 3 
334
34 5 
534
34 13 
1334
34 14 
1434
34 15 
1534
34 16 
1634
34 17 
1734
34 18 
1834
34 19 
1934
34 20 
2034
34 21 
2134
34 22 
2234
34 23 
2334
34 24 
2434
34 25 
2534
34 26 
2634
34 28 
2834
34 30 
3034
34 32 
3234
34 33 
3334
34 40 
4034
34 44 
4434
34 46 
4634
34 48 
4834
34 49 
4934
34 50 
5034
34 59 
5934
34 61 
6134
34 63 
6334
34 64 
6434
34 65 
6534
34 66 
6634
34 67 
6734
34 68 
6834
34 69 
6934
34 70 
7034
34 71 
7134
34 72 
7234
34 73 
7334
34 74 
7434
34 75 
7534
34 76 
7634
34 77 
7734
34 78 
7834
34 79 
7934
34 80 
8034
34 81 
8134
34 82 
8234
34 83 
8334
34 84 
8434
34 85 
8534
34 86 
8634
34 87 
8734
34 88 
8834
34 89 
8934
34 90 
9034
34 92 
9234
34 95 
9534
35 1 
135
35 2 
235
35 7 
735
35 12 
1235
35 13 
1335
35 14 
1435
35 15 
1535
35 16 
1635
35 17 
1735
35 18 
1835
35 19 
1935
35 20 
2035
35 21 
2135
35 22 
2235
35 23 
2335
35 26 
2635
35 30 
3035
35 33 
3335
35 55 
5535
35 56 
5635
35 58 
5835
35 59 
5935
35 63 
6335
35 64 
6435
35 65 
6535
35 66 
6635
35 67 
6735
35 68 
6835
35 69 
6935
35 70 
7035
35 71 
7135
35 72 
7235
35 73 
7335
35 74 
7435
35 75 
7535
35 76 
7635
35 77 
7735
35 78 
7835
35 79 
7935
35 80 
8035
35 81 
8135
35 82 
8235
35 83 
8335
35 84 
8435
35 85 
8535
35 86 
8635
35 87 
8735
35 88 
8835
35 89 
8935
35 90 
9035
35 92 
9235
35 96 
9635
35 97 
9735
35 98 
9835
35 99 
9935
36 9 
936
36 10 
1036
36 13 
1336
36 14 
1436
36 15 
1536
36 16 
1636
36 17 
1736
36 18 
1836
36 19 
1936
36 20 
2036
36 21 
2136
36 22 
2236
36 29 
2936
36 35 
3536
36 39 
3936
36 41 
4136
36 42 
4236
36 43 
4336
36 50 
5036
36 52 
5236
36 57 
5736
36 63 
6336
36 64 
6436
36 65 
6536
36 66 
6636
36 67 
6736
36 68 
6836
36 69 
6936
36 70 
7036
36 71 
7136
36 72 
7236
36 73 
7336
36 74 
7436
36 75 
7536
36 76 
7636
36 77 
7736
36 78 
7836
36 79 
7936
36 80 
8036
36 81 
8136
36 82 
8236
36 83 
8336
36 84 
8436
36 85 
8536
36 86 
8636
36 87 
8736
36 88 
8836
36 89 
8936
36 90 
9036
36 92 
9236
36 94 
9436
36 95 
9536
36 99 
9936
37 0 
37
37 4 
437
37 9 
937
37 11 
1137
37 13 
1337
37 14 
1437
37 15 
1537
37 16 
1637
37 17 
1737
37 18 
1837
37 19 
1937
37 20 
2037
37 21 
2137
37 22 
2237
37 30 
3037
37 32 
3237
37 38 
3837
37 42 
4237
37 44 
4437
37 45 
4537
37 46 
4637
37 49 
4937
37 51 
5137
37 52 
5237
37 55 
5537
37 60 
6037
37 62 
6237
37 63 
6337
37 64 
6437
37 65 
6537
37 66 
6637
37 67 
6737
37 68 
6837
37 69 
6937
37 70 
7037
37 71 
7137
37 72 
7237
37 73 
7337
37 74 
7437
37 75 
7537
37 76 
7637
37 77 
7737
37 78 
7837
37 79 
7937
37 80 
8037
37 81 
8137
37 82 
8237
37 83 
8337
37 84 
8437
37 85 
8537
37 86 
8637
37 87 
8737
37 88 
8837
37 89 
8937
37 90 
9037
37 91 
9137
37 94 
9437
37 97 
9737
37 98 
9837
38 0 
38
38 4 
438
38 7 
738
38 9 
938
38 13 
1338
38 14 
1438
38 15 
1538
38 16 
1638
38 17 
1738
38 18 
1838
38 19 
1938
38 20 
2038
38 25 
2538
38 28 
2838
38 30 
3038
38 36 
3638
38 42 
4238
38 43 
4338
38 44 
4438
38 47 
4738
38 49 
4938
38 50 
5038
38 55 
5538
38 56 
5638
38 58 
5838
38 59 
5938
38 63 
6338
38 64 
6438
38 65 
6538
38 66 
6638
38 67 
6738
38 68 
6838
38 69 
6938
38 70 
7038
38 71 
7138
38 72 
7238
38 73 
7338
38 74 
7438
38 75 
7538
38 76 
7638
38 77 
7738
38 78 
7838
38 79 
7938
38 80 
8038
38 81 
8138
38 82 
8238
38 83 
8338
38 84 
8438
38 85 
8538
38 86 
8638
38 87 
8738
38 88 
8838
38 89 
8938
38 90 
9038
38 93 
9338
38 94 
9438
38 99 
9938
39 5 
539
39 7 
739
39 8 
839
39 9 
939
39 13 
1339
39 14 
1439
39 15 
1539
39 16 
1639
39 17 
1739
39 18 
1839
39 19 
1939
39 25 
2539
39 27 
2739
39 32 
3239
39 35 
3539
39 45 
4539
39 51 
5139
39 54 
5439
39 57 
5739
39 58 
5839
39 60 
6039
39 61 
6139
39 63 
6339
39 64 
6439
39 65 
6539
39 66 
6639
39 67 
6739
39 68 
6839
39 69 
6939
39 70 
7039
39 71 
7139
39 72 
7239
39 73 
7339
39 74 
7439
39 75 
7539
39 76 
7639
39 77 
7739
39 78 
7839
39 79 
7939
39 80 
8039
39 81 
8139
39 82 
8239
39 83 
8339
39 84 
8439
39 85 
8539
39 86 
8639
39 87 
8739
39 88 
8839
39 89 
8939
39 90 
9039
39 93 
9339
39 99 
9939
40 1 
140
40 2 
240
40 3 
340
40 11 
1140
40 13 
1340
40 14 
1440
40 15 
1540
40 17 
1740
40 18 
1840
40 19 
1940
40 22 
2240
40 24 
2440
40 27 
2740
40 28 
2840
40 31 
3140
40 44 
4440
40 45 
4540
40 46 
4640
40 54 
5440
40 58 
5840
40 62 
6240
40 63 
6340
40 64 
6440
40 65 
6540
40 66 
6640
40 67 
6740
40 68 
6840
40 69 
6940
40 70 
7040
40 71 
7140
40 72 
7240
40 73 
7340
40 74 
7440
40 75 
7540
40 76 
7640
40 77 
7740
40 78 
7840
40 79 
7940
40 80 
8040
40 81 
8140
40 82 
8240
40 83 
8340
40 84 
8440
40 85 
8540
40 86 
8640
40 87 
8740
40 88 
8840
40 89 
8940
40 90 
9040
40 91 
9140
40 98 
9840
40 99 
9940
41 0 
41
41 3 
341
41 4 
441
41 5 
541
41 6 
641
41 9 
941
41 11 
1141
41 13 
1341
41 14 
1441
41 18 
1841
41 19 
1941
41 22 
2241
41 27 
2741
41 35 
3541
41 36 
3641
41 37 
3741
41 39 
3941
41 41 
4141
41 43 
4341
41 46 
4641
41 48 
4841
41 49 
4941
41 56 
5641
41 58 
5841
41 60 
6041
41 62 
6241
41 64 
6441
41 65 
6541
41 70 
7041
41 76 
7641
41 80 
8041
41 86 
8641
41 94 
9441
41 98 
9841
41 99 
9941
42 0 
42
42 1 
142
42 5 
542
42 7 
742
42 8 
842
42 10 
1042
42 11 
1142
42 19 
1942
42 21 
2142
42 28 
2842
42 32 
3242
42 40 
4042
42 44 
4442
42 52 
5242
42 53 
5342
42 55 
5542
42 58 
5842
42 59 
5942
42 61 
6142
42 62 
6242
42 64 
6442
42 67 
6742
42 72 
7242
42 79 
7942
42 84 
8442
42 89 
8942
42 90 
9042
42 92 
9242
42 97 
9742
43 2 
243
43 6 
643
43 7 
743
43 13 
1343
43 14 
1443
43 17 
1743
43 19 
1943
43 22 
2243
43 31 
3143
43 32 
3243
43 38 
3843
43 40 
4043
43 43 
4343
43 45 
4543
43 49 
4943
43 53 
5343
43 58 
5843
43 68 
6843
43 69 
6943
43 70 
7043
43 81 
8143
43 82 
8243
43 86 
8643
43 87 
8743
43 95 
9543
43 97 
9743
43 98 
9843
43 99 
9943
44 0 
44
44 2 
244
44 12 
1244
44 15 
1544
44 16 
1644
44 18 
1844
44 19 
1944
44 28 
2844
44 29 
2944
44 31 
3144
44 34 
3444
44 37 
3744
44 46 
4644
44 47 
4744
44 48 
4844
44 51 
5144
44 53 
5344
44 56 
5644
44 57 
5744
44 58 
5844
44 71 
7144
44 73 
7344
44 87 
8744
44 90 
9044
44 96 
9644
44 97 
9744
45 1 
145
45 2 
245
45 8 
845
45 9 
945
45 11 
1145
45 13 
1345
45 16 
1645
45 17 
1745
45 18 
1845
45 19 
1945
45 20 
2045
45 23 
2345
45 30 
3045
45 32 
3245
45 33 
3345
45 34 
3445
45 36 
3645
45 38 
3845
45 44 
4445
45 46 
4645
45 57 
5745
45 64 
6445
45 66 
6645
45 69 
6945
45 70 
7045
45 73 
7345
45 74 
7445
45 76 
7645
45 79 
7945
45 87 
8745
45 91 
9145
45 94 
9445
45 95 
9545
45 97 
9745
45 98 
9845
45 99 
9945
46 4 
446
46 18 
1846
46 27 
2746
46 29 
2946
46 30 
3046
46 37 
3746
46 40 
4046
46 42 
4246
46 48 
4846
46 50 
5046
46 52 
5246
46 56 
5646
46 59 
5946
46 64 
6446
46 69 
6946
46 70 
7046
46 72 
7246
46 73 
7346
46 78 
7846
46 79 
7946
46 82 
8246
46 85 
8546
46 86 
8646
46 89 
8946
46 93 
9346
46 95 
9546
46 98 
9846
47 0 
47
47 3 
347
47 6 
647
47 12 
1247
47 16 
1647
47 18 
1847
47 19 
1947
47 21 
2147
47 26 
2647
47 29 
2947
47 31 
3147
47 37 
3747
47 40 
4047
47 41 
4147
47 44 
4447
47 46 
4647
47 47 
4747
47 49 
4947
47 51 
5147
47 52 
5247
47 59 
5947
47 60 
6047
47 61 
6147
47 63 
6347
47 70 
7047
47 75 
7547
47 79 
7947
47 81 
8147
47 82 
8247
47 87 
8747
47 89 
8947
47 92 
9247
47 94 
9447
47 95 
9547
47 96 
9647
47 98 
9847
47 99 
9947
48 2 
248
48 6 
648
48 9 
948
48 13 
1348
48 14 
1448
48 18 
1848
48 20 
2048
48 23 
2348
48 26 
2648
48 27 
2748
48 28 
2848
48 29 
2948
48 30 
3048
48 35 
3548
48 43 
4348
48 51 
5148
48 52 
5248
48 53 
5348
48 54 
5448
48 57 
5748
48 67 
6748
48 69 
6948
48 72 
7248
48 75 
7548
48 76 
7648
48 85 
8548
48 91 
9148
49 3 
349
49 5 
549
49 6 
649
49 8 
849
49 16 
1649
49 17 
1749
49 18 
1849
49 19 
1949
49 22 
2249
49 23 
2349
49 25 
2549
49 35 
3549
49 52 
5249
49 56 
5649
49 60 
6049
49 63 
6349
49 65 
6549
49 67 
6749
49 73 
7349
49 75 
7549
49 76 
7649
49 81 
8149
49 85 
8549
49 87 
8749
49 96 
9649
50 0 
50
50 1 
150
50 4 
450
50 5 
550
50 8 
850
50 15 
1550
50 23 
2350
50 24 
2450
50 30 
3050
50 31 
3150
50 33 
3350
50 43 
4350
50 45 
4550
50 47 
4750
50 48 
4850
50 49 
4950
50 60 
6050
50 62 
6250
50 66 
6650
50 73 
7350
50 77 
7750
50 80 
8050
50 82 
8250
50 88 
8850
50 92 
9250
50 94 
9450
50 96 
9650
50 98 
9850
50 99 
9950
51 2 
251
51 4 
451
51 8 
851
51 9 
951
51 10 
1051
51 11 
1151
51 17 
1751
51 19 
1951
51 20 
2051
51 24 
2451
51 25 
2551
51 29 
2951
51 38 
3851
51 47 
4751
51 48 
4851
51 50 
5051
51 55 
5551
51 59 
5951
51 61 
6151
51 66 
6651
51 68 
6851
51 71 
7151
51 73 
7351
51 74 
7451
51 76 
7651
51 78 
7851
51 86 
8651
51 87 
8751
51 88 
8851
51 90 
9051
51 92 
9251
51 94 
9451
51 95 
9551
51 96 
9651
52 2 
252
52 6 
652
52 7 
752
52 17 
1752
52 24 
2452
52 28 
2852
52 34 
3452
52 38 
3852
52 41 
4152
52 43 
4352
52 46 
4652
52 49 
4952
52 50 
5052
52 55 
5552
52 59 
5952
52 63 
6352
52 64 
6452
52 67 
6752
52 69 
6952
52 72 
7252
52 74 
7452
52 75 
7552
52 76 
7652
52 78 
7852
52 80 
8052
52 84 
8452
52 88 
8852
52 89 
8952
52 90 
9052
52 91 
9152
52 95 
9552
52 96 
9652
52 98 
9852
52 99 
9952
53 0 
53
53 1 
153
53 12 
1253
53 15 
1553
53 21 
2153
53 23 
2353
53 27 
2753
53 28 
2853
53 32 
3253
53 33 
3353
53 35 
3553
53 38 
3853
53 41 
4153
53 42 
4253
53 49 
4953
53 51 
5153
53 52 
5253
53 63 
6353
53 65 
6553
53 68 
6853
53 71 
7153
53 72 
7253
53 74 
7453
53 79 
7953
53 80 
8053
53 81 
8153
53 82 
8253
53 84 
8453
53 88 
8853
53 93 
9353
53 95 
9553
53 96 
9653
54 0 
54
54 1 
154
54 9 
954
54 12 
1254
54 14 
1454
54 23 
2354
54 30 
3054
54 33 
3354
54 36 
3654
54 38 
3854
54 40 
4054
54 48 
4854
54 51 
5154
54 52 
5254
54 54 
5454
54 57 
5754
54 65 
6554
54 72 
7254
54 73 
7354
54 76 
7654
54 82 
8254
54 85 
8554
54 89 
8954
54 91 
9154
54 99 
9954
55 2 
255
55 5 
555
55 7 
755
55 11 
1155
55 16 
1655
55 27 
2755
55 29 
2955
55 32 
3255
55 33 
3355
55 34 
3455
55 35 
3555
55 38 
3855
55 43 
4355
55 47 
4755
55 48 
4855
55 51 
5155
55 55 
5555
55 58 
5855
55 61 
6155
55 62 
6255
55 66 
6655
55 74 
7455
55 75 
7555
55 78 
7855
55 80 
8055
55 83 
8355
55 88 
8855
55 95 
9555
56 0 
56
56 10 
1056
56 12 
1256
56 14 
1456
56 23 
2356
56 25 
2556
56 26 
2656
56 27 
2756
56 30 
3056
56 35 
3556
56 37 
3756
56 42 
4256
56 43 
4356
56 45 
4556
56 46 
4656
56 47 
4756
56 48 
4856
56 50 
5056
56 57 
5756
56 61 
6156
56 68 
6856
56 72 
7256
56 74 
7456
56 75 
7556
56 76 
7656
56 79 
7956
56 86 
8656
56 87 
8756
56 94 
9456
56 98 
9856
56 99 
9956
57 1 
157
57 12 
1257
57 16 
1657
57 18 
1857
57 23 
2357
57 24 
2457
57 30 
3057
57 35 
3557
57 47 
4757
57 48 
4857
57 49 
4957
57 54 
5457
57 55 
5557
57 61 
6157
57 62 
6257
57 63 
6357
57 65 
6557
57 69 
6957
57 72 
7257
57 81 
8157
57 87 
8757
58 5 
558
58 6 
658
58 10 
1058
58 12 
1258
58 13 
1358
58 14 
1458
58 26 
2658
58 31 
3158
58 38 
3858
58 40 
4058
58 42 
4258
58 43 
4358
58 44 
4458
58 45 
4558
58 48 
4858
58 51 
5158
58 56 
5658
58 59 
5958
58 60 
6058
58 62 
6258
58 63 
6358
58 69 
6958
58 72 
7258
58 85 
8558
58 86 
8658
58 87 
8758
58 93 
9358
58 94 
9458
59 0 
59
59 2 
259
59 12 
1259
59 14 
1459
59 15 
1559
59 23 
2359
59 24 
2459
59 27 
2759
59 31 
3159
59 34 
3459
59 38 
3859
59 39 
3959
59 41 
4159
59 49 
4959
59 53 
5359
59 58 
5859
59 62 
6259
59 65 
6559
59 67 
6759
59 68 
6859
59 72 
7259
59 73 
7359
59 79 
7959
59 81 
8159
59 82 
8259
59 86 
8659
59 89 
8959
59 91 
9159
59 92 
9259
59 94 
9459
59 96 
9659
60 0 
60
60 2 
260
60 6 
660
60 9 
960
60 22 
2260
60 24 
2460
60 27 
2760
60 28 
2860
60 29 
2960
60 33 
3360
60 37 
3760
60 42 
4260
60 45 
4560
60 49 
4960
60 51 
5160
60 56 
5660
60 59 
5960
60 65 
6560
60 70 
7060
60 78 
7860
60 79 
7960
60 81 
8160
60 84 
8460
60 89 
8960
60 92 
9260
60 98 
9860
61 3 
361
61 7 
761
61 8 
861
61 9 
961
61 13 
1361
61 15 
1561
61 21 
2161
61 25 
2561
61 29 
2961
61 46 
4661
61 52 
5261
61 54 
5461
61 55 
5561
61 58 
5861
61 63 
6361
61 67 
6761
61 80 
8061
61 81 
8161
61 83 
8361
61 86 
8661
61 95 
9561
61 97 
9761
62 1 
162
62 8 
862
62 10 
1062
62 12 
1262
62 15 
1562
62 18 
1862
62 21 
2162
62 23 
2362
62 26 
2662
62 27 
2762
62 36 
3662
62 38 
3862
62 39 
3962
62 43 
4362
62 48 
4862
62 54 
5462
62 56 
5662
62 65 
6562
62 66 
6662
62 68 
6862
62 69 
6962
62 72 
7262
62 75 
7562
62 76 
7662
62 80 
8062
62 81 
8162
62 82 
8262
62 84 
8462
62 87 
8762
62 88 
8862
63 0 
63
63 10 
1063
63 11 
1163
63 13 
1363
63 14 
1463
63 15 
1563
63 16 
1663
63 17 
1763
63 18 
1863
63 19 
1963
63 20 
2063
63 21 
2163
63 22 
2263
63 23 
2363
63 24 
2463
63 25 
2563
63 26 
2663
63 27 
2763
63 28 
2863
63 29 
2963
63 30 
3063
63 31 
3163
63 32 
3263
63 33 
3363
63 34 
3463
63 35 
3563
63 36 
3663
63 37 
3763
63 38 
3863
63 39 
3963
63 40 
4063
63 41 
4163
63 48 
4863
63 50 
5063
63 54 
5463
63 55 
5563
63 60 
6063
63 62 
6263
63 63 
6363
63 64 
6463
63 65 
6563
63 66 
6663
63 67 
6763
63 68 
6863
63 69 
6963
63 70 
7063
63 71 
7163
63 72 
7263
63 73 
7363
63 74 
7463
63 75 
7563
63 76 
7663
63 77 
7763
63 78 
7863
63 79 
7963
63 80 
8063
63 81 
8163
63 82 
8263
63 83 
8363
63 84 
8463
63 85 
8563
63 86 
8663
63 87 
8763
63 88 
8863
63 89 
8963
63 90 
9063
63 93 
9363
63 94 
9463
64 13 
1364
64 14 
1464
64 15 
1564
64 16 
1664
64 17 
1764
64 18 
1864
64 19 
1964
64 20 
2064
64 21 
2164
64 22 
2264
64 23 
2364
64 24 
2464
64 25 
2564
64 26 
2664
64 27 
2764
64 28 
2864
64 29 
2964
64 30 
3064
64 31 
3164
64 32 
3264
64 33 
3364
64 34 
3464
64 35 
3564
64 36 
3664
64 37 
3764
64 38 
3864
64 39 
3964
64 40 
4064
64 44 
4464
64 55 
5564
64 56 
5664
64 60 
6064
64 61 
6164
64 63 
6364
64 64 
6464
64 65 
6564
64 66 
6664
64 67 
6764
64 68 
6864
64 69 
6964
64 70 
7064
64 71 
7164
64 72 
7264
64 73 
7364
64 74 
7464
64 75 
7564
64 76 
7664
64 77 
7764
64 78 
7864
64 79 
7964
64 80 
8064
64 81 
8164
64 82 
8264
64 83 
8364
64 84 
8464
64 85 
8564
64 86 
8664
64 87 
8764
64 88 
8864
64 89 
8964
64 90 
9064
64 94 
9464
64 99 
9964
65 2 
265
65 6 
665
65 8 
865
65 13 
1365
65 15 
1565
65 16 
1665
65 17 
1765
65 18 
1865
65 19 
1965
65 20 
2065
65 21 
2165
65 22 
2265
65 23 
2365
65 24 
2465
65 25 
2565
65 26 
2665
65 27 
2765
65 28 
2865
65 29 
2965
65 30 
3065
65 31 
3165
65 32 
3265
65 33 
3365
65 34 
3465
65 35 
3565
65 36 
3665
65 37 
3765
65 38 
3865
65 39 
3965
65 40 
4065
65 46 
4665
65 47 
4765
65 55 
5565
65 60 
6065
65 63 
6365
65 64 
6465
65 65 
6565
65 66 
6665
65 67 
6765
65 68 
6865
65 69 
6965
65 70 
7065
65 71 
7165
65 72 
7265
65 73 
7365
65 74 
7465
65 75 
7565
65 76 
7665
65 77 
7765
65 78 
7865
65 79 
7965
65 80 
8065
65 81 
8165
65 82 
8265
65 83 
8365
65 84 
8465
65 85 
8565
65 86 
8665
65 87 
8765
65 88 
8865
65 89 
8965
65 90 
9065
65 91 
9165
66 4 
466
66 10 
1066
66 14 
1466
66 15 
1566
66 16 
1666
66 17 
1766
66 18 
1866
66 19 
1966
66 20 
2066
66 21 
2166
66 22 
2266
66 23 
2366
66 24 
2466
66 25 
2566
66 26 
2666
66 27 
2766
66 28 
2866
66 29 
2966
66 30 
3066
66 31 
3166
66 32 
3266
66 33 
3366
66 34 
3466
66 35 
3566
66 36 
3666
66 37 
3766
66 38 
3866
66 39 
3966
66 40 
4066
66 49 
4966
66 52 
5266
66 55 
5566
66 59 
5966
66 63 
6366
66 64 
6466
66 65 
6566
66 66 
6666
66 67 
6766
66 68 
6866
66 69 
6966
66 70 
7066
66 71 
7166
66 72 
7266
66 73 
7366
66 74 
7466
66 75 
7566
66 76 
7666
66 77 
7766
66 78 
7866
66 79 
7966
66 80 
8066
66 81 
8166
66 82 
8266
66 83 
8366
66 84 
8466
66 85 
8566
66 86 
8666
66 87 
8766
66 88 
8866
66 89 
8966
66 90 
9066
66 97 
9766
67 1 
167
67 5 
567
67 10 
1067
67 17 
1767
67 18 
1867
67 19 
1967
67 20 
2067
67 21 
2167
67 22 
2267
67 23 
2367
67 24 
2467
67 25 
2567
67 26 
2667
67 27 
2767
67 28 
2867
67 29 
2967
67 30 
3067
67 31 
3167
67 32 
3267
67 33 
3367
67 34 
3467
67 35 
3567
67 36 
3667
67 37 
3767
67 38 
3867
67 39 
3967
67 40 
4067
67 44 
4467
67 46 
4667
67 52 
5267
67 53 
5367
67 54 
5467
67 57 
5767
67 62 
6267
67 63 
6367
67 64 
6467
67 65 
6567
67 66 
6667
67 67 
6767
67 68 
6867
67 69 
6967
67 70 
7067
67 71 
7167
67 72 
7267
67 73 
7367
67 74 
7467
67 75 
7567
67 76 
7667
67 77 
7767
67 78 
7867
67 79 
7967
67 80 
8067
67 81 
8167
67 82 
8267
67 83 
8367
67 84 
8467
67 85 
8567
67 86 
8667
67 87 
8767
67 88 
8867
67 89 
8967
67 90 
9067
67 92 
9267
67 97 
9767
68 4 
468
68 7 
768
68 10 
1068
68 15 
1568
68 17 
1768
68 18 
1868
68 19 
1968
68 20 
2068
68 21 
2168
68 22 
2268
68 23 
2368
68 24 
2468
68 25 
2568
68 26 
2668
68 27 
2768
68 28 
2868
68 29 
2968
68 30 
3068
68 31 
3168
68 32 
3268
68 33 
3368
68 34 
3468
68 35 
3568
68 36 
3668
68 37 
3768
68 38 
3868
68 39 
3968
68 40 
4068
68 42 
4268
68 43 
4368
68 45 
4568
68 49 
4968
68 51 
5168
68 55 
5568
68 63 
6368
68 64 
6468
68 65 
6568
68 66 
6668
68 67 
6768
68 68 
6868
68 69 
6968
68 70 
7068
68 71 
7168
68 72 
7268
68 73 
7368
68 74 
7468
68 75 
7568
68 76 
7668
68 77 
7768
68 78 
7868
68 79 
7968
68 80 
8068
68 81 
8168
68 82 
8268
68 83 
8368
68 84 
8468
68 85 
8568
68 86 
8668
68 87 
8768
68 88 
8868
68 89 
8968
68 90 
9068
68 94 
9468
68 96 
9668
69 1 
169
69 5 
569
69 6 
669
69 9 
969
69 15 
1569
69 19 
1969
69 20 
2069
69 21 
2169
69 22 
2269
69 23 
2369
69 24 
2469
69 25 
2569
69 26 
2669
69 27 
2769
69 28 
2869
69 29 
2969
69 30 
3069
69 31 
3169
69 32 
3269
69 33 
3369
69 34 
3469
69 35 
3569
69 36 
3669
69 37 
3769
69 38 
3869
69 39 
3969
69 40 
4069
69 42 
4269
69 54 
5469
69 55 
5569
69 59 
5969
69 61 
6169
69 63 
6369
69 64 
6469
69 65 
6569
69 66 
6669
69 67 
6769
69 68 
6869
69 69 
6969
69 70 
7069
69 71 
7169
69 72 
7269
69 73 
7369
69 74 
7469
69 75 
7569
69 76 
7669
69 77 
7769
69 78 
7869
69 79 
7969
69 80 
8069
69 81 
8169
69 82 
8269
69 83 
8369
69 84 
8469
69 85 
8569
69 86 
8669
69 87 
8769
69 88 
8869
69 89 
8969
69 90 
9069
69 95 
9569
70 5 
570
70 8 
870
70 10 
1070
70 18 
1870
70 19 
1970
70 20 
2070
70 21 
2170
70 22 
2270
70 23 
2370
70 24 
2470
70 25 
2570
70 26 
2670
70 27 
2770
70 28 
2870
70 29 
2970
70 30 
3070
70 31 
3170
70 32 
3270
70 33 
3370
70 34 
3470
70 35 
3570
70 36 
3670
70 37 
3770
70 38 
3870
70 39 
3970
70 40 
4070
70 41 
4170
70 46 
4670
70 50 
5070
70 57 
5770
70 62 
6270
70 63 
6370
70 64 
6470
70 65 
6570
70 66 
6670
70 67 
6770
70 68 
6870
70 69 
6970
70 70 
7070
70 71 
7170
70 72 
7270
70 73 
7370
70 74 
7470
70 75 
7570
70 76 
7670
70 77 
7770
70 78 
7870
70 79 
7970
70 80 
8070
70 81 
8170
70 82 
8270
70 83 
8370
70 84 
8470
70 85 
8570
70 86 
8670
70 87 
8770
70 88 
8870
70 89 
8970
70 90 
9070
70 92 
9270
70 95 
9570
70 99 
9970
71 10 
1071
71 12 
1271
71 14 
1471
71 17 
1771
71 20 
2071
71 21 
2171
71 22 
2271
71 23 
2371
71 24 
2471
71 25 
2571
71 26 
2671
71 27 
2771
71 28 
2871
71 29 
2971
71 30 
3071
71 31 
3171
71 32 
3271
71 33 
3371
71 34 
3471
71 35 
3571
71 36 
3671
71 37 
3771
71 38 
3871
71 39 
3971
71 40 
4071
71 47 
4771
71 49 
4971
71 50 
5071
71 55 
5571
71 57 
5771
71 62 
6271
71 63 
6371
71 64 
6471
71 65 
6571
71 66 
6671
71 67 
6771
71 68 
6871
71 69 
6971
71 70 
7071
71 71 
7171
71 72 
7271
71 73 
7371
71 74 
7471
71 75 
7571
71 76 
7671
71 77 
7771
71 78 
7871
71 79 
7971
71 80 
8071
71 81 
8171
71 82 
8271
71 83 
8371
71 84 
8471
71 85 
8571
71 86 
8671
71 87 
8771
71 88 
8871
71 89 
8971
71 90 
9071
71 98 
9871
72 0 
72
72 1 
172
72 2 
272
72 3 
372
72 8 
872
72 11 
1172
72 16 
1672
72 18 
1872
72 19 
1972
72 21 
2172
72 22 
2272
72 23 
2372
72 24 
2472
72 25 
2572
72 26 
2672
72 27 
2772
72 28 
2872
72 29 
2972
72 30 
3072
72 31 
3172
72 32 
3272
72 33 
3372
72 34 
3472
72 35 
3572
72 36 
3672
72 37 
3772
72 38 
3872
72 39 
3972
72 40 
4072
72 44 
4472
72 47 
4772
72 50 
5072
72 63 
6372
72 64 
6472
72 65 
6572
72 66 
6672
72 67 
6772
72 68 
6872
72 69 
6972
72 70 
7072
72 71 
7172
72 72 
7272
72 73 
7372
72 74 
7472
72 75 
7572
72 76 
7672
72 77 
7772
72 78 
7872
72 79 
7972
72 80 
8072
72 81 
8172
72 82 
8272
72 83 
8372
72 84 
8472
72 85 
8572
72 86 
8672
72 87 
8772
72 88 
8872
72 89 
8972
72 90 
9072
72 91 
9172
72 94 
9472
72 97 
9772
73 0 
73
73 14 
1473
73 15 
1573
73 23 
2373
73 24 
2473
73 25 
2573
73 26 
2673
73 27 
2773
73 28 
2873
73 29 
2973
73 30 
3073
73 31 
3173
73 32 
3273
73 33 
3373
73 34 
3473
73 35 
3573
73 36 
3673
73 37 
3773
73 38 
3873
73 39 
3973
73 40 
4073
73 43 
4373
73 45 
4573
73 46 
4673
73 51 
5173
73 52 
5273
73 54 
5473
73 56 
5673
73 59 
5973
73 63 
6373
73 64 
6473
73 65 
6573
73 66 
6673
73 67 
6773
73 68 
6873
73 69 
6973
73 70 
7073
73 71 
7173
73 72 
7273
73 73 
7373
73 74 
7473
73 75 
7573
73 76 
7673
73 77 
7773
73 78 
7873
73 79 
7973
73 80 
8073
73 81 
8173
73 82 
8273
73 83 
8373
73 84 
8473
73 85 
8573
73 86 
8673
73 87 
8773
73 88 
8873
73 89 
8973
73 90 
9073
73 96 
9673
73 98 
9873
73 99 
9973
74 2 
274
74 3 
374
74 6 
674
74 9 
974
74 15 
1574
74 16 
1674
74 17 
1774
74 21 
2174
74 24 
2474
74 25 
2574
74 26 
2674
74 27 
2774
74 28 
2874
74 29 
2974
74 30 
3074
74 31 
3174
74 32 
3274
74 33 
3374
74 34 
3474
74 35 
3574
74 36 
3674
74 37 
3774
74 38 
3874
74 39 
3974
74 40 
4074
74 43 
4374
74 49 
4974
74 52 
5274
74 57 
5774
74 61 
6174
74 63 
6374
74 64 
6474
74 65 
6574
74 66 
6674
74 67 
6774
74 68 
6874
74 69 
6974
74 70 
7074
74 71 
7174
74 72 
7274
74 73 
7374
74 74 
7474
74 75 
7574
74 76 
7674
74 77 
7774
74 78 
7874
74 79 
7974
74 80 
8074
74 81 
8174
74 82 
8274
74 83 
8374
74 84 
8474
74 85 
8574
74 86 
8674
74 87 
8774
74 88 
8874
74 89 
8974
74 90 
9074
74 91 
9174
74 92 
9274
75 9 
975
75 25 
2575
75 26 
2675
75 27 
2775
75 28 
2875
75 29 
2975
75 30 
3075
75 31 
3175
75 32 
3275
75 33 
3375
75 34 
3475
75 35 
3575
75 36 
3675
75 37 
3775
75 38 
3875
75 39 
3975
75 40 
4075
75 42 
4275
75 43 
4375
75 51 
5175
75 52 
5275
75 54 
5475
75 63 
6375
75 64 
6475
75 65 
6575
75 66 
6675
75 67 
6775
75 68 
6875
75 69 
6975
75 70 
7075
75 71 
7175
75 72 
7275
75 73 
7375
75 74 
7475
75 75 
7575
75 76 
7675
75 77 
7775
75 78 
7875
75 79 
7975
75 80 
8075
75 81 
8175
75 82 
8275
75 83 
8375
75 84 
8475
75 85 
8575
75 86 
8675
75 87 
8775
75 88 
8875
75 89 
8975
75 90 
9075
75 91 
9175
75 94 
9475
75 99 
9975
76 0 
76
76 3 
376
76 4 
476
76 11 
1176
76 12 
1276
76 20 
2076
76 21 
2176
76 26 
2676
76 27 
2776
76 28 
2876
76 29 
2976
76 30 
3076
76 31 
3176
76 32 
3276
76 33 
3376
76 34 
3476
76 35 
3576
76 36 
3676
76 37 
3776
76 38 
3876
76 39 
3976
76 40 
4076
76 42 
4276
76 43 
4376
76 47 
4776
76 48 
4876
76 54 
5476
76 58 
5876
76 59 
5976
76 61 
6176
76 63 
6376
76 64 
6476
76 65 
6576
76 66 
6676
76 67 
6776
76 68 
6876
76 69 
6976
76 70 
7076
76 71 
7176
76 72 
7276
76 73 
7376
76 74 
7476
76 75 
7576
76 76 
7676
76 77 
7776
76 78 
7876
76 79 
7976
76 80 
8076
76 81 
8176
76 82 
8276
76 83 
8376
76 84 
8476
76 85 
8576
76 86 
8676
76 87 
8776
76 88 
8876
76 89 
8976
76 90 
9076
76 93 
9376
76 94 
9476
76 95 
9576
77 1 
177
77 5 
577
77 10 
1077
77 17 
1777
77 22 
2277
77 25 
2577
77 27 
2777
77 28 
2877
77 29 
2977
77 30 
3077
77 31 
3177
77 32 
3277
77 33 
3377
77 34 
3477
77 35 
3577
77 36 
3677
77 37 
3777
77 38 
3877
77 39 
3977
77 40 
4077
77 41 
4177
77 43 
4377
77 48 
4877
77 49 
4977
77 51 
5177
77 56 
5677
77 58 
5877
77 61 
6177
77 63 
6377
77 64 
6477
77 65 
6577
77 66 
6677
77 67 
6777
77 68 
6877
77 69 
6977
77 70 
7077
77 71 
7177
77 72 
7277
77 73 
7377
77 74 
7477
77 75 
7577
77 76 
7677
77 77 
7777
77 78 
7877
77 79 
7977
77 80 
8077
77 81 
8177
77 82 
8277
77 83 
8377
77 84 
8477
77 85 
8577
77 86 
8677
77 87 
8777
77 88 
8877
77 89 
8977
77 90 
9077
77 91 
9177
77 92 
9277
77 96 
9677
77 99 
9977
78 2 
278
78 5 
578
78 9 
978
78 11 
1178
78 16 
1678
78 20 
2078
78 24 
2478
78 28 
2878
78 29 
2978
78 30 
3078
78 31 
3178
78 32 
3278
78 33 
3378
78 34 
3478
78 35 
3578
78 36 
3678
78 37 
3778
78 38 
3878
78 39 
3978
78 40 
4078
78 42 
4278
78 50 
5078
78 54 
5478
78 56 
5678
78 61 
6178
78 63 
6378
78 64 
6478
78 65 
6578
78 66 
6678
78 67 
6778
78 68 
6878
78 69 
6978
78 70 
7078
78 71 
7178
78 72 
7278
78 73 
7378
78 74 
7478
78 75 
7578
78 76 
7678
78 77 
7778
78 78 
7878
78 79 
7978
78 80 
8078
78 81 
8178
78 82 
8278
78 83 
8378
78 84 
8478
78 85 
8578
78 86 
8678
78 87 
8778
78 88 
8878
78 89 
8978
78 90 
9078
78 93 
9378
78 94 
9478
78 98 
9878
78 99 
9978
79 7 
779
79 9 
979
79 19 
1979
79 21 
2179
79 27 
2779
79 29 
2979
79 30 
3079
79 31 
3179
79 32 
3279
79 33 
3379
79 34 
3479
79 35 
3579
79 36 
3679
79 37 
3779
79 38 
3879
79 39 
3979
79 40 
4079
79 41 
4179
79 43 
4379
79 45 
4579
79 47 
4779
79 51 
5179
79 52 
5279
79 55 
5579
79 57 
5779
79 61 
6179
79 63 
6379
79 64 
6479
79 65 
6579
79 66 
6679
79 67 
6779
79 68 
6879
79 69 
6979
79 70 
7079
79 71 
7179
79 72 
7279
79 73 
7379
79 74 
7479
79 75 
7579
79 76 
7679
79 77 
7779
79 78 
7879
79 79 
7979
79 80 
8079
79 81 
8179
79 82 
8279
79 83 
8379
79 84 
8479
79 85 
8579
79 86 
8679
79 87 
8779
79 88 
8879
79 89 
8979
79 90 
9079
79 92 
9279
79 95 
9579
79 97 
9779
80 7 
780
80 10 
1080
80 15 
1580
80 20 
2080
80 25 
2580
80 29 
2980
80 30 
3080
80 31 
3180
80 32 
3280
80 33 
3380
80 34 
3480
80 35 
3580
80 36 
3680
80 37 
3780
80 38 
3880
80 39 
3980
80 40 
4080
80 44 
4480
80 45 
4580
80 48 
4880
80 49 
4980
80 53 
5380
80 57 
5780
80 62 
6280
80 63 
6380
80 64 
6480
80 65 
6580
80 66 
6680
80 67 
6780
80 68 
6880
80 69 
6980
80 70 
7080
80 71 
7180
80 72 
7280
80 73 
7380
80 74 
7480
80 75 
7580
80 76 
7680
80 77 
7780
80 78 
7880
80 79 
7980
80 80 
8080
80 81 
8180
80 82 
8280
80 83 
8380
80 84 
8480
80 85 
8580
80 86 
8680
80 87 
8780
80 88 
8880
80 89 
8980
80 90 
9080
80 94 
9480
80 98 
9880
81 0 
81
81 4 
481
81 6 
681
81 7 
781
81 8 
881
81 11 
1181
81 12 
1281
81 23 
2381
81 24 
2481
81 25 
2581
81 31 
3181
81 32 
3281
81 33 
3381
81 34 
3481
81 35 
3581
81 36 
3681
81 37 
3781
81 38 
3881
81 39 
3981
81 40 
4081
81 41 
4181
81 42 
4281
81 46 
4681
81 47 
4781
81 48 
4881
81 56 
5681
81 62 
6281
81 63 
6381
81 64 
6481
81 65 
6581
81 66 
6681
81 67 
6781
81 68 
6881
81 69 
6981
81 70 
7081
81 71 
7181
81 72 
7281
81 73 
7381
81 74 
7481
81 75 
7581
81 76 
7681
81 77 
7781
81 78 
7881
81 79 
7981
81 80 
8081
81 81 
8181
81 82 
8281
81 83 
8381
81 84 
8481
81 85 
8581
81 86 
8681
81 87 
8781
81 88 
8881
81 89 
8981
81 90 
9081
81 92 
9281
81 95 
9581
82 0 
82
82 3 
382
82 10 
1082
82 12 
1282
82 13 
1382
82 14 
1482
82 16 
1682
82 19 
1982
82 26 
2682
82 27 
2782
82 30 
3082
82 32 
3282
82 33 
3382
82 34 
3482
82 35 
3582
82 36 
3682
82 37 
3782
82 38 
3882
82 39 
3982
82 40 
4082
82 42 
4282
82 45 
4582
82 48 
4882
82 51 
5182
82 53 
5382
82 58 
5882
82 59 
5982
82 60 
6082
82 61 
6182
82 63 
6382
82 64 
6482
82 65 
6582
82 66 
6682
82 67 
6782
82 68 
6882
82 69 
6982
82 70 
7082
82 71 
7182
82 72 
7282
82 73 
7382
82 74 
7482
82 75 
7582
82 76 
7682
82 77 
7782
82 78 
7882
82 79 
7982
82 80 
8082
82 81 
8182
82 82 
8282
82 83 
8382
82 84 
8482
82 85 
8582
82 86 
8682
82 87 
8782
82 88 
8882
82 89 
8982
82 90 
9082
82 91 
9182
82 92 
9282
82 95 
9582
82 96 
9682
83 4 
483
83 6 
683
83 12 
1283
83 16 
1683
83 21 
2183
83 23 
2383
83 26 
2683
83 29 
2983
83 30 
3083
83 32 
3283
83 33 
3383
83 34 
3483
83 35 
3583
83 36 
3683
83 37 
3783
83 38 
3883
83 39 
3983
83 40 
4083
83 41 
4183
83 43 
4383
83 44 
4483
83 49 
4983
83 50 
5083
83 52 
5283
83 58 
5883
83 59 
5983
83 60 
6083
83 62 
6283
83 63 
6383
83 64 
6483
83 65 
6583
83 66 
6683
83 67 
6783
83 68 
6883
83 69 
6983
83 70 
7083
83 71 
7183
83 72 
7283
83 73 
7383
83 74 
7483
83 75 
7583
83 76 
7683
83 77 
7783
83 78 
7883
83 79 
7983
83 80 
8083
83 81 
8183
83 82 
8283
83 83 
8383
83 84 
8483
83 85 
8583
83 86 
8683
83 87 
8783
83 88 
8883
83 89 
8983
83 90 
9083
83 98 
9883
84 7 
784
84 11 
1184
84 12 
1284
84 13 
1384
84 19 
1984
84 22 
2284
84 23 
2384
84 26 
2684
84 27 
2784
84 34 
3484
84 35 
3584
84 36 
3684
84 37 
3784
84 38 
3884
84 39 
3984
84 40 
4084
84 43 
4384
84 45 
4584
84 47 
4784
84 59 
5984
84 61 
6184
84 62 
6284
84 63 
6384
84 64 
6484
84 65 
6584
84 66 
6684
84 67 
6784
84 68 
6884
84 69 
6984
84 70 
7084
84 71 
7184
84 72 
7284
84 73 
7384
84 74 
7484
84 75 
7584
84 76 
7684
84 77 
7784
84 78 
7884
84 79 
7984
84 80 
8084
84 81 
8184
84 82 
8284
84 83 
8384
84 84 
8484
84 85 
8584
84 86 
8684
84 87 
8784
84 88 
8884
84 89 
8984
84 90 
9084
84 91 
9184
84 92 
9284
84 95 
9584
85 3 
385
85 5 
585
85 6 
685
85 8 
885
85 20 
2085
85 23 
2385
85 24 
2485
85 33 
3385
85 35 
3585
85 36 
3685
85 37 
3785
85 38 
3885
85 39 
3985
85 40 
4085
85 49 
4985
85 52 
5285
85 53 
5385
85 55 
5585
85 57 
5785
85 59 
5985
85 63 
6385
85 64 
6485
85 65 
6585
85 66 
6685
85 67 
6785
85 68 
6885
85 69 
6985
85 70 
7085
85 71 
7185
85 72 
7285
85 73 
7385
85 74 
7485
85 75 
7585
85 76 
7685
85 77 
7785
85 78 
7885
85 79 
7985
85 80 
8085
85 81 
8185
85 82 
8285
85 83 
8385
85 84 
8485
85 85 
8585
85 86 
8685
85 87 
8785
85 88 
8885
85 89 
8985
85 90 
9085
85 91 
9185
85 92 
9285
85 93 
9385
85 96 
9685
86 0 
86
86 6 
686
86 17 
1786
86 19 
1986
86 25 
2586
86 27 
2786
86 28 
2886
86 32 
3286
86 35 
3586
86 36 
3686
86 37 
3786
86 38 
3886
86 39 
3986
86 40 
4086
86 44 
4486
86 46 
4686
86 49 
4986
86 50 
5086
86 53 
5386
86 58 
5886
86 63 
6386
86 64 
6486
86 65 
6586
86 66 
6686
86 67 
6786
86 68 
6886
86 69 
6986
86 70 
7086
86 71 
7186
86 72 
7286
86 73 
7386
86 74 
7486
86 75 
7586
86 76 
7686
86 77 
7786
86 78 
7886
86 79 
7986
86 80 
8086
86 81 
8186
86 82 
8286
86 83 
8386
86 84 
8486
86 85 
8586
86 86 
8686
86 87 
8786
86 88 
8886
86 89 
8986
86 90 
9086
86 93 
9386
86 94 
9486
86 99 
9986
87 3 
387
87 7 
787
87 10 
1087
87 11 
1187
87 12 
1287
87 15 
1587
87 18 
1887
87 19 
1987
87 23 
2387
87 28 
2887
87 36 
3687
87 37 
3787
87 38 
3887
87 39 
3987
87 40 
4087
87 50 
5087
87 51 
5187
87 53 
5387
87 54 
5487
87 60 
6087
87 61 
6187
87 63 
6387
87 64 
6487
87 65 
6587
87 66 
6687
87 67 
6787
87 68 
6887
87 69 
6987
87 70 
7087
87 71 
7187
87 72 
7287
87 73 
7387
87 74 
7487
87 75 
7587
87 76 
7687
87 77 
7787
87 78 
7887
87 79 
7987
87 80 
8087
87 81 
8187
87 82 
8287
87 83 
8387
87 84 
8487
87 85 
8587
87 86 
8687
87 87 
8787
87 88 
8887
87 89 
8987
87 90 
9087
88 3 
388
88 4 
488
88 12 
1288
88 15 
1588
88 17 
1788
88 27 
2788
88 35 
3588
88 38 
3888
88 39 
3988
88 40 
4088
88 46 
4688
88 48 
4888
88 50 
5088
88 54 
5488
88 55 
5588
88 60 
6088
88 63 
6388
88 64 
6488
88 65 
6588
88 66 
6688
88 67 
6788
88 68 
6888
88 69 
6988
88 70 
7088
88 71 
7188
88 72 
7288
88 73 
7388
88 74 
7488
88 75 
7588
88 76 
7688
88 77 
7788
88 78 
7888
88 79 
7988
88 80 
8088
88 81 
8188
88 82 
8288
88 83 
8388
88 84 
8488
88 85 
8588
88 86 
8688
88 87 
8788
88 88 
8888
88 89 
8988
88 90 
9088
88 94 
9488
88 95 
9588
88 97 
9788
88 98 
9888
89 6 
689
89 9 
989
89 18 
1889
89 19 
1989
89 21 
2189
89 22 
2289
89 23 
2389
89 27 
2789
89 28 
2889
89 33 
3389
89 39 
3989
89 40 
4089
89 41 
4189
89 43 
4389
89 44 
4489
89 45 
4589
89 48 
4889
89 55 
5589
89 56 
5689
89 58 
5889
89 59 
5989
89 63 
6389
89 64 
6489
89 65 
6589
89 66 
6689
89 67 
6789
89 68 
6889
89 69 
6989
89 70 
7089
89 71 
7189
89 72 
7289
89 73 
7389
89 74 
7489
89 75 
7589
89 76 
7689
89 77 
7789
89 78 
7889
89 79 
7989
89 80 
8089
89 81 
8189
89 82 
8289
89 83 
8389
89 84 
8489
89 85 
8589
89 86 
8689
89 87 
8789
89 88 
8889
89 89 
8989
89 90 
9089
89 94 
9489
89 95 
9589
89 97 
9789
89 99 
9989
90 1 
190
90 2 
290
90 6 
690
90 7 
790
90 9 
990
90 10 
1090
90 11 
1190
90 12 
1290
90 13 
1390
90 25 
2590
90 28 
2890
90 31 
3190
90 34 
3490
90 40 
4090
90 43 
4390
90 52 
5290
90 54 
5490
90 58 
5890
90 59 
5990
90 60 
6090
90 63 
6390
90 64 
6490
90 65 
6590
90 66 
6690
90 67 
6790
90 68 
6890
90 69 
6990
90 70 
7090
90 71 
7190
90 72 
7290
90 73 
7390
90 74 
7490
90 75 
7590
90 76 
7690
90 77 
7790
90 78 
7890
90 79 
7990
90 80 
8090
90 81 
8190
90 82 
8290
90 83 
8390
90 84 
8490
90 85 
8590
90 86 
8690
90 87 
8790
90 88 
8890
90 89 
8990
90 90 
9090
90 91 
9190
90 97 
9790
91 5 
591
91 8 
891
91 14 
1491
91 20 
2091
91 24 
2491
91 30 
3091
91 40 
4091
91 42 
4291
91 44 
4491
91 47 
4791
91 54 
5491
91 62 
6291
91 64 
6491
91 68 
6891
91 70 
7091
91 71 
7191
91 76 
7691
91 77 
7791
91 78 
7891
91 82 
8291
91 84 
8491
91 86 
8691
91 90 
9091
91 96 
9691
91 98 
9891
92 1 
192
92 2 
292
92 8 
892
92 12 
1292
92 18 
1892
92 25 
2592
92 26 
2692
92 32 
3292
92 40 
4092
92 41 
4192
92 42 
4292
92 44 
4492
92 45 
4592
92 46 
4692
92 49 
4992
92 50 
5092
92 51 
5192
92 52 
5292
92 53 
5392
92 60 
6092
92 62 
6292
92 63 
6392
92 65 
6592
92 68 
6892
92 75 
7592
92 87 
8792
92 91 
9192
92 93 
9392
93 0 
93
93 2 
293
93 3 
393
93 4 
493
93 7 
793
93 16 
1693
93 21 
2193
93 23 
2393
93 26 
2693
93 27 
2793
93 28 
2893
93 29 
2993
93 31 
3193
93 32 
3293
93 33 
3393
93 34 
3493
93 37 
3793
93 38 
3893
93 45 
4593
93 48 
4893
93 57 
5793
93 59 
5993
93 61 
6193
93 63 
6393
93 66 
6693
93 67 
6793
93 82 
8293
93 87 
8793
93 88 
8893
93 90 
9093
93 94 
9493
93 95 
9593
93 96 
9693
94 1 
194
94 6 
694
94 11 
1194
94 23 
2394
94 30 
3094
94 40 
4094
94 43 
4394
94 50 
5094
94 51 
5194
94 52 
5294
94 53 
5394
94 58 
5894
94 63 
6394
94 67 
6794
94 71 
7194
94 77 
7794
94 78 
7894
94 86 
8694
94 87 
8794
94 95 
9594
95 7 
795
95 8 
895
95 9 
995
95 13 
1395
95 29 
2995
95 30 
3095
95 31 
3195
95 32 
3295
95 33 
3395
95 34 
3495
95 37 
3795
95 40 
4095
95 43 
4395
95 47 
4795
95 49 
4995
95 52 
5295
95 56 
5695
95 57 
5795
95 61 
6195
95 65 
6595
95 67 
6795
95 71 
7195
95 74 
7495
95 75 
7595
95 80 
8095
95 81 
8195
95 84 
8495
95 85 
8595
95 86 
8695
95 89 
8995
95 95 
9595
96 0 
96
96 3 
396
96 6 
696
96 7 
796
96 12 
1296
96 13 
1396
96 14 
1496
96 16 
1696
96 24 
2496
96 25 
2596
96 32 
3296
96 34 
3496
96 35 
3596
96 43 
4396
96 44 
4496
96 51 
5196
96 52 
5296
96 54 
5496
96 58 
5896
96 59 
5996
96 60 
6096
96 67 
6796
96 70 
7096
96 75 
7596
96 76 
7696
96 78 
7896
96 79 
7996
96 81 
8196
96 86 
8696
96 87 
8796
96 91 
9196
96 94 
9496
96 97 
9796
96 99 
9996
97 2 
297
97 5 
597
97 7 
797
97 11 
1197
97 12 
1297
97 17 
1797
97 22 
2297
97 27 
2797
97 29 
2997
97 34 
3497
97 43 
4397
97 45 
4597
97 49 
4997
97 50 
5097
97 51 
5197
97 53 
5397
97 57 
5797
97 59 
5997
97 62 
6297
97 64 
6497
97 68 
6897
97 70 
7097
97 75 
7597
97 80 
8097
97 87 
8797
97 98 
9897
98 8 
898
98 17 
1798
98 20 
2098
98 22 
2298
98 23 
2398
98 24 
2498
98 30 
3098
98 31 
3198
98 37 
3798
98 40 
4098
98 41 
4198
98 44 
4498
98 47 
4798
98 50 
5098
98 55 
5598
98 64 
6498
98 67 
6798
98 68 
6898
98 70 
7098
98 76 
7698
98 77 
7798
98 80 
8098
98 81 
8198
98 93 
9398
98 95 
9598
98 99 
9998
99 0 
99
99 1 
199
99 3 
399
99 4 
499
99 5 
599
99 6 
699
99 8 
899
99 13 
1399
99 35 
3599
99 36 
3699
99 41 
4199
99 42 
4299
99 45 
4599
99 47 
4799
99 50 
5099
99 51 
5199
99 53 
5399
99 58 
5899
99 63 
6399
99 67 
6799
99 80 
8099
99 83 
8399
99 89 
8999
99 97 
9799
